Using XY spins
num of temperatures = 1
Starting simulation...

0.01 -25.526701559645034 651.6133430680509 0.31501958026772764
single_spin_flip_acc: [0.6166666666666679]
Acceptant rate of loop update: 
0.01 0.0 0.0
<CPUtime> 
 rank=0 : [1046.31, 0.72, 0.9, 5205.255]
af2: 0.01 0.9931271422695255
op2: 0.01 0.2344746002580674
Ferro_vc2: 0.01 0.9901024673146088
AF_vc2: 0.01 1.177273779993264e-6
m2q0: 0.01 0.9931271422695255
m2_sqrt3: 0.01 0.0006752986278571485
m120degs: 0.01 0.9378241791002947
af4: 0.01 0.9863070565932319
op4: 0.01 0.055003521616554044
Ferro_vc4: 0.01 0.9803085403047364
AF_vc4: 0.01 4.698229417947908e-12
m4q0: 0.01 0.9863070565932319
m4_sqrt3: 0.01 5.853295957351381e-7
m120degs4: 0.01 0.8799175598888812

Statistics of replica exchange Monte Carlo
