Using XY spins
num of temperatures = 1
Starting simulation...

0.05 -24.980245069559814 624.0418745471133 0.43304906438337365
single_spin_flip_acc: [0.6233333333333345]
Acceptant rate of loop update: 
0.05 0.0 0.0
<CPUtime> 
 rank=0 : [877.96, 0.915, 0.88, 5215.77]
af2: 0.05 0.9625831975889327
op2: 0.05 0.17593870319392976
Ferro_vc2: 0.05 0.9453784391563694
AF_vc2: 0.05 4.334737429815712e-5
m2q0: 0.05 0.9625831975889327
m2_sqrt3: 0.05 0.0039554062616754095
m120degs: 0.05 0.703344922125067
af4: 0.05 0.9267293298888287
op4: 0.05 0.031370376465218765
Ferro_vc4: 0.05 0.8939494916074537
AF_vc4: 0.05 7.658338530613493e-9
m4q0: 0.05 0.9267293298888287
m4_sqrt3: 0.05 2.1405027469043478e-5
m120degs4: 0.05 0.5013561045553795

Statistics of replica exchange Monte Carlo
