2020年 10月29日 木曜日 10時47分10秒 JST
Using XY spins
Using XY spins
num of temperatures = 2
num of temperatures = 2
Starting simulation...
Starting from √3×√3 state
Starting simulation...
Starting from √3×√3 state

<E> <E^2> <C>
sh: 0.05 4.840653713689581 1572.7013999070386 22952.140318980466
sh: 0.1 17.56604723149075 2030.1329555075104 6376.173852476098


<E> <E^2> <C>
sh: 0.05 4.840653713689581 1572.7013999070386 22952.140318980466
sh: 0.1 17.56604723149075 2030.1329555075104 6376.173852476098

single_spin_flip_acc: single_spin_flip_acc: [[0.604814814814816, 0.5914814814814823]
Acceptant rate of loop update: 
0.604814814814816, 0.5914814814814823]
Acceptant rate of loop update: 
0.05 0.0 0.0
0.1 0.0 0.0
<CPUtime> 
0.05 0.0 0.0
0.1 0.0 0.0
<CPUtime> 
 rank=0 : [1287.65, 0.925, 1.21, 3601.13]
 rank=0 : [1270.065, 0.955, 1.13, 3585.2]
af2: 0.05 0.004716824073509637
op2: 0.05 0.1615176295503995
Ferro_vc2: 0.05 5.408460169316622e-5
AF_vc2: 0.05 0.9274025106987165
m2q0: 0.05 0.004716824073509637
m2_sqrt3: 0.05 0.4790203498103317
m120degs: 0.05 0.645480366700268
af4: 0.05 3.080952909841073e-5
op4: 0.05 0.026786918507150793
Ferro_vc4: 0.05 1.0344221091396077e-8
AF_vc4: 0.05 0.8605650458298421
m4q0: 0.05 3.080952909841073e-5
m4_sqrt3: 0.05 0.22953105549748337
m120degs4: 0.05 0.42785151123524684
af2: 0.1 0.004716824073509637
op2: 0.1 0.1615176295503995
Ferro_vc2: 0.1 5.408460169316622e-5
AF_vc2: 0.1 0.9274025106987165
m2q0: 0.1 0.004716824073509637
m2_sqrt3: 0.1 0.4790203498103317
m120degs: 0.1 0.645480366700268
af4: 0.1 3.080952909841073e-5
op4: 0.1 0.026786918507150793
Ferro_vc4: 0.1 1.0344221091396077e-8
AF_vc4: 0.1 0.8605650458298421
m4q0: 0.1 3.080952909841073e-5
m4_sqrt3: 0.1 0.22953105549748337
m120degs4: 0.1 0.42785151123524684
af2: 0.05 0.004716824073509637
op2: 0.05 0.1615176295503995
Ferro_vc2: 0.05 5.408460169316622e-5
AF_vc2: 0.05 0.9274025106987165
m2q0: 0.05 0.004716824073509637
m2_sqrt3: 0.05 0.4790203498103317
m120degs: 0.05 0.645480366700268
af4: 0.05 3.080952909841073e-5
op4: 0.05 0.026786918507150793
Ferro_vc4: 0.05 1.0344221091396077e-8
AF_vc4: 0.05 0.8605650458298421
m4q0: 0.05 3.080952909841073e-5
m4_sqrt3: 0.05 0.22953105549748337
m120degs4: 0.05 0.42785151123524684
af2: 0.1 0.004716824073509637
op2: 0.1 0.1615176295503995
Ferro_vc2: 0.1 5.408460169316622e-5
AF_vc2: 0.1 0.9274025106987165
m2q0: 0.1 0.004716824073509637
m2_sqrt3: 0.1 0.4790203498103317
m120degs: 0.1 0.645480366700268
af4: 0.1 3.080952909841073e-5
op4: 0.1 0.026786918507150793
Ferro_vc4: 0.1 1.0344221091396077e-8
AF_vc4: 0.1 0.8605650458298421
m4q0: 0.1 3.080952909841073e-5
m4_sqrt3: 0.1 0.22953105549748337
m120degs4: 0.1 0.42785151123524684

Statistics of replica exchange Monte Carlo
itemp 1 <=> 2 acceptance_rate= NaN
 14.978936 seconds (27.70 M allocations: 1.366 GiB, 6.32% gc time)

Statistics of replica exchange Monte Carlo
itemp 1 <=> 2 acceptance_rate= NaN
 15.052136 seconds (27.70 M allocations: 1.366 GiB, 6.43% gc time)
2020年 10月29日 木曜日 10時47分40秒 JST
